{
    "timestamp": 1771554190.7608166,
    "baseline": 13.0,
    "width": 640,
    "height": 480,
    "M1": [
        [
            219.43912262167387,
            0.0,
            322.0094744133582
        ],
        [
            0.0,
            219.47471631186377,
            233.02066594094367
        ],
        [
            0.0,
            0.0,
            1.0
        ]
    ],
    "d1": [
        [
            0.11151460190533387,
            -0.11162104489369333,
            -0.0056590656142307995,
            0.00478569833787206,
            0.020975791582163162
        ]
    ],
    "M2": [
        [
            211.2642321733713,
            0.0,
            323.0431380436071
        ],
        [
            0.0,
            211.4440720958696,
            243.7821951689617
        ],
        [
            0.0,
            0.0,
            1.0
        ]
    ],
    "d2": [
        [
            0.06059093092414097,
            -0.052627509458149306,
            0.0015818093708787654,
            0.00491110883133185,
            0.007367988248102023
        ]
    ],
    "R": [
        [
            0.9948806371311881,
            0.02251564422832288,
            -0.09851681900277116
        ],
        [
            -0.02746689336414058,
            0.9984115156544984,
            -0.04919364976712243
        ],
        [
            0.09725269986156741,
            0.05164776058524672,
            0.9939187196125069
        ]
    ],
    "T": [
        [
            -13.099161846288048
        ],
        [
            -0.07360415645998376
        ],
        [
            -2.8422531865782203
        ]
    ],
    "R1": [
        [
            0.9927130383564599,
            0.03843723188657127,
            0.11420771726106659
        ],
        [
            -0.03572732787513944,
            0.999031540950241,
            -0.02568147638842438
        ],
        [
            -0.11508423662686418,
            0.021413999894575108,
            0.993124896016874
        ]
    ],
    "R2": [
        [
            0.977245038116664,
            0.005491137336062818,
            0.21204240822796883
        ],
        [
            -0.010520530609422537,
            0.9996892792466662,
            0.022597862619669645
        ],
        [
            -0.2118524342839994,
            -0.024314447763372205,
            0.976999157480653
        ]
    ],
    "P1": [
        [
            215.45939420386668,
            0.0,
            182.98111152648926,
            0.0
        ],
        [
            0.0,
            215.45939420386668,
            234.37268257141113,
            0.0
        ],
        [
            0.0,
            0.0,
            1.0,
            0.0
        ]
    ],
    "P2": [
        [
            215.45939420386668,
            0.0,
            182.98111152648926,
            -2888.055058758656
        ],
        [
            0.0,
            215.45939420386668,
            234.37268257141113,
            0.0
        ],
        [
            0.0,
            0.0,
            1.0,
            0.0
        ]
    ],
    "Q": [
        [
            1.0,
            0.0,
            0.0,
            -182.98111152648926
        ],
        [
            0.0,
            1.0,
            0.0,
            -234.37268257141113
        ],
        [
            0.0,
            0.0,
            0.0,
            215.45939420386668
        ],
        [
            0.0,
            0.0,
            0.07460363110129745,
            -0.0
        ]
    ],
    "pixel_error": 1.8864430414172224,
    "calculated_baseline": 13.404173298779405
}