{
    "timestamp": 1771561196.3393757,
    "baseline": 13.0,
    "width": 640,
    "height": 480,
    "M1": [
        [
            208.0226988673279,
            0.0,
            322.99328022739536
        ],
        [
            0.0,
            208.12702586881903,
            240.59514376327476
        ],
        [
            0.0,
            0.0,
            1.0
        ]
    ],
    "d1": [
        [
            0.06233363011261403,
            -0.06727967845520054,
            -0.00016151863068097935,
            0.003822898978831778,
            0.010969802534848213
        ]
    ],
    "M2": [
        [
            200.15342492813906,
            0.0,
            315.52688140729146
        ],
        [
            0.0,
            200.17762522924323,
            240.0439717943896
        ],
        [
            0.0,
            0.0,
            1.0
        ]
    ],
    "d2": [
        [
            0.05085159506524276,
            -0.057243719076411834,
            -0.0027324983127851076,
            -0.0011275848962440302,
            0.008623638411208532
        ]
    ],
    "R": [
        [
            0.995617228200542,
            0.027688977504583233,
            -0.0893289171266542
        ],
        [
            -0.02913168509341376,
            0.9994647158223419,
            -0.014887133699389196
        ],
        [
            0.08886889126059887,
            0.017424188673106092,
            0.9958909166245046
        ]
    ],
    "T": [
        [
            -12.306639591970898
        ],
        [
            0.28712065648027096
        ],
        [
            -2.7230182878578812
        ]
    ],
    "R1": [
        [
            0.9917109531134263,
            0.008029917110437365,
            0.12823769300037768
        ],
        [
            -0.007131385265240105,
            0.9999467116828799,
            -0.007464391388067324
        ],
        [
            -0.12829079787365236,
            0.006488006303560652,
            0.9917153709382277
        ]
    ],
    "R2": [
        [
            0.9761315162585978,
            -0.02277368404792674,
            0.21598292127290036
        ],
        [
            0.021254157974265903,
            0.9997303286920203,
            0.009355782284233793
        ],
        [
            -0.21613774250578174,
            -0.004541938818416768,
            0.9763523170742588
        ]
    ],
    "P1": [
        [
            204.15232554903113,
            0.0,
            137.1607894897461,
            0.0
        ],
        [
            0.0,
            204.15232554903113,
            234.46766090393066,
            0.0
        ],
        [
            0.0,
            0.0,
            1.0,
            0.0
        ]
    ],
    "P2": [
        [
            204.15232554903113,
            0.0,
            137.1607894897461,
            -2573.863306887678
        ],
        [
            0.0,
            204.15232554903113,
            234.46766090393066,
            0.0
        ],
        [
            0.0,
            0.0,
            1.0,
            0.0
        ]
    ],
    "Q": [
        [
            1.0,
            0.0,
            0.0,
            -137.1607894897461
        ],
        [
            0.0,
            1.0,
            0.0,
            -234.46766090393066
        ],
        [
            0.0,
            0.0,
            0.0,
            204.15232554903113
        ],
        [
            0.0,
            0.0,
            0.07931746996925514,
            -0.0
        ]
    ],
    "pixel_error": 2.0179368691415527,
    "calculated_baseline": 12.607563004564037
}