{
    "timestamp": 1771359123.7781625,
    "baseline": 13.0,
    "width": 640,
    "height": 480,
    "M1": [
        [
            203.25442639441758,
            0.0,
            318.23665878049746
        ],
        [
            0.0,
            204.946270411857,
            241.36897858576205
        ],
        [
            0.0,
            0.0,
            1.0
        ]
    ],
    "d1": [
        [
            0.04800412978376343,
            -0.05518788386444478,
            0.0017646625643049799,
            0.004170419617750479,
            0.008062889972698089
        ]
    ],
    "M2": [
        [
            211.31131395451987,
            0.0,
            318.3180969317688
        ],
        [
            0.0,
            213.08175158957974,
            239.01113616790798
        ],
        [
            0.0,
            0.0,
            1.0
        ]
    ],
    "d2": [
        [
            0.0968951002089894,
            -0.09202262481132062,
            -0.0021364116010026205,
            -1.4164022845446636e-05,
            0.015172290183242386
        ]
    ],
    "R": [
        [
            0.9922496902300432,
            0.013824356607368728,
            -0.12348862053960957
        ],
        [
            -0.011275217203206074,
            0.9997091682256761,
            0.021317796381130048
        ],
        [
            0.12374741094424524,
            -0.019760215836855027,
            0.9921169851155038
        ]
    ],
    "T": [
        [
            -13.27148400310497
        ],
        [
            -0.10608934818356537
        ],
        [
            -0.40487670629141753
        ]
    ],
    "R1": [
        [
            0.9954398477443934,
            0.02120244215918083,
            -0.09300519323728922
        ],
        [
            -0.020210771952581464,
            0.9997285429270992,
            0.011591598420413289
        ],
        [
            0.0932257165148097,
            -0.009659032215805725,
            0.9955981462803928
        ]
    ],
    "R2": [
        [
            0.999503073704264,
            0.00798980954744313,
            0.03049210716110368
        ],
        [
            -0.007664958820055678,
            0.9999127782795855,
            -0.010755660811290415
        ],
        [
            -0.030575383268497125,
            0.010516595294878686,
            0.9994771368877771
        ]
    ],
    "P1": [
        [
            209.01401100071837,
            0.0,
            357.34406661987305,
            0.0
        ],
        [
            0.0,
            209.01401100071837,
            239.28999137878418,
            0.0
        ],
        [
            0.0,
            0.0,
            1.0,
            0.0
        ]
    ],
    "P2": [
        [
            209.01401100071837,
            0.0,
            357.34406661987305,
            -2775.305225566117
        ],
        [
            0.0,
            209.01401100071837,
            239.28999137878418,
            0.0
        ],
        [
            0.0,
            0.0,
            1.0,
            0.0
        ]
    ],
    "Q": [
        [
            1.0,
            0.0,
            0.0,
            -357.34406661987305
        ],
        [
            0.0,
            1.0,
            0.0,
            -239.28999137878418
        ],
        [
            0.0,
            0.0,
            0.0,
            209.01401100071837
        ],
        [
            0.0,
            0.0,
            0.07531208065883381,
            -0.0
        ]
    ],
    "pixel_error": 2.0632549786882515,
    "pixel_error_left": 1.6976386341015148,
    "pixel_error_right": 1.576799945089369,
    "calculated_baseline": 13.278082231322658,
    "fov_left": 115.15501696403086,
    "fov_right": 113.12261572394044
}