{
    "timestamp": 1771039729.9765878,
    "baseline": 13.0,
    "width": 640,
    "height": 480,
    "M1": [
        [
            213.7278456343795,
            0.0,
            321.2451693159961
        ],
        [
            0.0,
            214.9393374350781,
            237.63567339186312
        ],
        [
            0.0,
            0.0,
            1.0
        ]
    ],
    "d1": [
        [
            0.10169302105984074,
            -0.10624774059222533,
            -0.002522292823053728,
            0.0033588191615261187,
            0.019183914849301903
        ]
    ],
    "M2": [
        [
            219.93194772312413,
            0.0,
            319.0719658605819
        ],
        [
            0.0,
            221.54111482163654,
            236.65278214689766
        ],
        [
            0.0,
            0.0,
            1.0
        ]
    ],
    "d2": [
        [
            0.11244627795303287,
            -0.10934861824761029,
            -0.0025760368599981294,
            -0.0015882323382643674,
            0.01912567213652645
        ]
    ],
    "R": [
        [
            0.9981092442617162,
            -0.030798288495082204,
            -0.053192122960823846
        ],
        [
            0.0312056672051431,
            0.9994895462028714,
            0.006844951823061034
        ],
        [
            0.052954158038699586,
            -0.00849190537817382,
            0.9985608367492992
        ]
    ],
    "T": [
        [
            -13.06129483473909
        ],
        [
            -0.26719110778199734
        ],
        [
            0.11900704960065817
        ]
    ],
    "R1": [
        [
            0.9980149031000447,
            -0.010272072925822764,
            -0.06213483489971585
        ],
        [
            0.010531765228485297,
            0.9999371145557022,
            0.003853421231626983
        ],
        [
            0.062091344899111625,
            -0.004500161310760382,
            0.9980603255499122
        ]
    ],
    "R2": [
        [
            0.9997493467386638,
            0.02045158147329818,
            -0.009109144353677356
        ],
        [
            -0.020489471154054695,
            0.9997817201021747,
            -0.0040857950711947755
        ],
        [
            0.009023595039796812,
            0.004271412503807799,
            0.9999501636420588
        ]
    ],
    "P1": [
        [
            218.24022612835734,
            0.0,
            351.7841377258301,
            0.0
        ],
        [
            0.0,
            218.24022612835734,
            233.43218231201172,
            0.0
        ],
        [
            0.0,
            0.0,
            1.0,
            0.0
        ]
    ],
    "P2": [
        [
            218.24022612835734,
            0.0,
            351.7841377258301,
            -2851.2146045019927
        ],
        [
            0.0,
            218.24022612835734,
            233.43218231201172,
            0.0
        ],
        [
            0.0,
            0.0,
            1.0,
            0.0
        ]
    ],
    "Q": [
        [
            1.0,
            0.0,
            0.0,
            -351.7841377258301
        ],
        [
            0.0,
            1.0,
            0.0,
            -233.43218231201172
        ],
        [
            0.0,
            0.0,
            0.0,
            218.24022612835734
        ],
        [
            0.0,
            0.0,
            0.07654289711611387,
            -0.0
        ]
    ],
    "pixel_error": 1.4054787547610788,
    "pixel_error_left": 1.0854490169309625,
    "pixel_error_right": 1.1809531731962617,
    "calculated_baseline": 13.06456951169515,
    "fov_left": 112.52211529963473,
    "fov_right": 110.99950360712697
}