{
    "timestamp": 1771360013.1683013,
    "baseline": 13.0,
    "width": 640,
    "height": 480,
    "M1": [
        [
            216.93935509993062,
            0.0,
            313.4441127250461
        ],
        [
            0.0,
            216.85349985977433,
            244.74103684590222
        ],
        [
            0.0,
            0.0,
            1.0
        ]
    ],
    "d1": [
        [
            0.12107399519631251,
            -0.09689400093626012,
            -0.00011845114393014922,
            -0.007255733565282133,
            0.016086477095753688
        ]
    ],
    "M2": [
        [
            229.409837013365,
            0.0,
            320.4684369830111
        ],
        [
            0.0,
            230.9513138887174,
            237.71193211210232
        ],
        [
            0.0,
            0.0,
            1.0
        ]
    ],
    "d2": [
        [
            0.18882526797901716,
            -0.19883067891929987,
            0.0017067129954207966,
            -0.0016662756316055444,
            0.0435488035950894
        ]
    ],
    "R": [
        [
            0.9922383974069161,
            0.011110364490407582,
            -0.12385282601638564
        ],
        [
            -0.007887614030134984,
            0.9996182019733879,
            0.026480857773167523
        ],
        [
            0.12409975123370079,
            -0.025298420590649514,
            0.9919471970116919
        ]
    ],
    "T": [
        [
            -13.709457401225992
        ],
        [
            0.4015259014898129
        ],
        [
            0.23910962837236127
        ]
    ],
    "R1": [
        [
            0.9897300961645442,
            -0.017715170227091657,
            -0.14184678173983067
        ],
        [
            0.019425140477609463,
            0.9997542776982695,
            0.01067933244340168
        ],
        [
            0.14162274062998192,
            -0.0133250503877741,
            0.9898310170774687
        ]
    ],
    "R2": [
        [
            0.9994195072652753,
            -0.029271240055446134,
            -0.01743109300218784
        ],
        [
            0.029059339179895585,
            0.9995021533609248,
            -0.012288215220372455
        ],
        [
            0.01778210628868979,
            0.011774545956887414,
            0.9997725525155444
        ]
    ],
    "P1": [
        [
            223.90240687424586,
            0.0,
            372.09157943725586,
            0.0
        ],
        [
            0.0,
            223.90240687424586,
            243.0115261077881,
            0.0
        ],
        [
            0.0,
            0.0,
            1.0,
            0.0
        ]
    ],
    "P2": [
        [
            223.90240687424586,
            0.0,
            372.09157943725586,
            -3071.363413221518
        ],
        [
            0.0,
            223.90240687424586,
            243.0115261077881,
            0.0
        ],
        [
            0.0,
            0.0,
            1.0,
            0.0
        ]
    ],
    "Q": [
        [
            1.0,
            0.0,
            0.0,
            -372.09157943725586
        ],
        [
            0.0,
            1.0,
            0.0,
            -243.0115261077881
        ],
        [
            0.0,
            0.0,
            0.0,
            223.90240687424586
        ],
        [
            0.0,
            0.0,
            0.07290000457464497,
            -0.0
        ]
    ],
    "pixel_error": 1.3264133055093943,
    "pixel_error_left": 1.0241689724753458,
    "pixel_error_right": 0.6205431251365494,
    "calculated_baseline": 13.717420264028426,
    "fov_left": 111.73052352265351,
    "fov_right": 108.726087795395
}