{
    "timestamp": 1771802042.2065818,
    "baseline": 13.0,
    "width": 640,
    "height": 480,
    "M1": [
        [
            297.16986298717006,
            0.0,
            309.22822370301236
        ],
        [
            0.0,
            296.1874277002187,
            236.35806748191095
        ],
        [
            0.0,
            0.0,
            1.0
        ]
    ],
    "d1": [
        [
            -0.07130668121906504,
            0.054060423353775026,
            -0.0026848681274138793,
            -6.286327005093261e-05,
            -0.026277046901228028
        ]
    ],
    "M2": [
        [
            299.4801617252206,
            0.0,
            308.2798239751941
        ],
        [
            0.0,
            298.2750172923287,
            234.43435648537098
        ],
        [
            0.0,
            0.0,
            1.0
        ]
    ],
    "d2": [
        [
            -0.08686265439843378,
            0.07148628409359407,
            -0.0016159137794399827,
            -0.0021543398180659656,
            -0.030523687794274345
        ]
    ],
    "R": [
        [
            0.9998771733905264,
            -0.006110368815837524,
            0.01443265483220289
        ],
        [
            0.006051228784508218,
            0.9999731303569801,
            0.004137776487385527
        ],
        [
            -0.014457550372335152,
            -0.004049932961971301,
            0.999887282287476
        ]
    ],
    "T": [
        [
            12.118179021450489
        ],
        [
            -0.2166819753709212
        ],
        [
            0.34723879210066466
        ]
    ],
    "R1": [
        [
            0.9987851594213943,
            -0.024092935307161348,
            0.042985297345312985
        ],
        [
            0.02400396861034547,
            0.9997085218667422,
            0.002584723963422815
        ],
        [
            -0.04303504165832286,
            -0.0015497662076843191,
            0.9990723614504446
        ]
    ],
    "R2": [
        [
            0.9994300907066974,
            -0.01787054687970309,
            0.028638040160303833
        ],
        [
            0.017929736936128007,
            0.9998376085714753,
            -0.0018113584611403177
        ],
        [
            -0.028601019621756294,
            0.0023237986775603045,
            0.9995882060310146
        ]
    ],
    "P1": [
        [
            297.2312224962737,
            0.0,
            399.84540939331055,
            0.0
        ],
        [
            0.0,
            297.2312224962737,
            325.14880180358887,
            0.0
        ],
        [
            0.0,
            0.0,
            1.0,
            0.0
        ]
    ],
    "P2": [
        [
            297.2312224962737,
            0.0,
            399.84540939331055,
            3603.955092474274
        ],
        [
            0.0,
            297.2312224962737,
            325.14880180358887,
            0.0
        ],
        [
            0.0,
            0.0,
            1.0,
            0.0
        ]
    ],
    "Q": [
        [
            1.0,
            0.0,
            0.0,
            -399.84540939331055
        ],
        [
            0.0,
            1.0,
            0.0,
            -325.14880180358887
        ],
        [
            0.0,
            0.0,
            0.0,
            297.2312224962737
        ],
        [
            0.0,
            0.0,
            -0.0824736199174478,
            0.0
        ]
    ],
    "pixel_error": 0.8384454821112762,
    "calculated_baseline": 12.125089222480504
}